26
29
68
27
31
32
23
1000
23
30
36
38
31
29
105
25
40
22
32
19
24
32
20
23
36
53
81
27
44
34
39
25
49
29
19
32
40
54
30
35
36
35
51
16
25
25
40
47
40
26
27
59
37
36
23
39
32
25
58
31
17
30
22
54
25
32
31
36
24
22
25
18
23
37
24
17
28
25
38
40
26
33
33
47
38
26
28
28
29
44
22
25
28
20
19
52
28
31
32
24
50
29
25
34
43
42
34
20
39
38
32
32
25
44
32
44
27
35
25
21
29
43
21
29
48
24
36
25
33
21
41
29
38
23
28
23
19
50
29
47
34
17
46
19
19
34
28
28
24
23
21
35
23
22
25
27
30
18
45
29
29
39
30
45
29
33
23
18
46
23
38
31
23
30
31
26
42
23
25
26
34
23
33
14
27
32
25
35
45
27
18
11
29
24
34
30
18
26
20
53
29
31
1000
18
20
23
19
32
27
29
22
27
26
24
57
17
31
37
28
20
27
41
29
36
48
27
15
37
27
35
27
33
26
19
27
34
22
34
39
35
32
31
26
21
33
31
38
43
34
26
43
18
29
18
20
30
24
30
32
49
23
34
21
24
53
24
28
29
22
39
19
28
26
22
25
38
30
41
22
36
48
38
25
30
22
25
22
17
23
28
29
34
24
12
36
26
56
28
25
29
31
33
19
25
56
23
22
24
33
33
35
33
22
27
14
25
22
28
43
26
23
28
29
21
24
34
27
43
38
38
16
24
46
29
19
32
36
41
25
29
41
54
27
23
28
32
52
30
38
40
45
22
26
38
29
23
24
20
29
24
27
34
35
21
44
29
38
24
25
42
23
23
44
50
40
23
26
19
23
51
32
21
32
25
26
82
38
32
32
39
54
24
39
14
42
50
29
42
32
25
42
30
21
30
44
20
28
22
50
23
30
43
26
19
22
24
45
24
22
25
18
49
30
28
29
26
29
20
36
33
35
29
32
10
31
24
23
30
45
18
29
27
39
34
31
39
25
27
20
21
28
26
42
24
38
22
29
46
22
9
23
26
24
17
36
25
43
20
23
20
49
37
20
27
22
16
43
61
20
48
22
36
55
43
34
24
26
25
25
20
29
27
27
58
23
24
40
22
58
34
30
31
31
51
24
28
22
20
30
29
12
33
28
23
36
25
18
12
34
88
37
21
15
33
26
36
29
34
27
26
25
21
24
37
33
39
29
28
26
36
76
19
28
12
30
24
38
34
42
20
26
42
25
20
22
13
37
36
25
13
21
22
31
20
24
44
38
32
55
36
33
35
50
39
20
30
38
31
28
30
39
26
19
29
26
24
32
27
18
21
34
30
22
50
17
38
13
12
19
23
20
33
34
37
23
39
37
32
45
42
33
48
20
51
36
33
25
12
21
21
22
36
23
39
25
11
26
40
38
18
58
39
20
22
24
19
13
25
17
23
30
30
36
37
46
18
35
38
24
24
34
75
45
30
32
30
29
27
20
22
37
23
35
18
23
503
30
20
35
24
21
21
18
48
37
17
21
19
19
29
37
25
13
35
35
31
27
44
25
32
24
34
23
16
31
40
25
24
35
16
13
59
45
25
53
33
49
25
20
35
31
54
37
23
39
18
24
29
26
36
36
29
25
34
20
24
28
63
26
14
31
28
59
15
35
28
39
20
20
27
24
18
25
41
28
22
33
18
21
30
25
30
26
56
27
37
21
32
41
28
41
30
27
34
18
26
71
26
38
39
20
46
43
46
28
32
11
21
37
21
24
20
12
51
40
24
33
36
7
18
30
19
22
47
33
24
25
20
22
18
28
25
35
22
30
22
33
59
15
20
26
28
65
27
34
35
20
26
21
19
58
31
22
20
33
15
43
36
20
18
23
26
37
25
26
30
16
27
20
27
42
19
17
15
30
24
76
32
22
28
40
26
37
20
43
35
25
26
32
11
26
5
31
32
21
76
12
23
24
11
32
26
24
32
17
26
37
26
35
25
24
19
25
22
16
15
25
29
24
27
14
49
28
17
27
38
41
32
24
20
39
32
37
13
18
16
33
24
24
28
40
16
20
42
22
25
31
42
25
31
31
20
33
26
17
34
29
26
21
34
26
17
28
20
39
13
926
34
30
12
21
25
26
41
39
26
23
34
29
38
19
12
31
6
41
37
37
20
21
37
36
21
35
30
57
28
20
39
27
61
49
26
31
19
20
11
29
18
30
18
32
25
33
23
23
41
26
25
48
14
30
24
24
20
26
21
19
34
38
32
