45
31
24
502
504
172
452
19
16
280
504
75
374
502
502
502
502
13
486
503
502
80
279
503
502
502
502
503
502
502
127
74
436
503
505
86
341
502
502
99
340
502
502
16
502
503
208
502
300
502
503
501
214
503
502
503
229
488
15
503
148
502
505
503
50
348
503
505
502
503
469
502
21
293
503
504
503
279
503
503
503
503
504
489
504
502
186
448
505
502
503
502
503
504
127
223
502
503
46
503
502
503
503
504
503
11
503
33
504
502
30
502
503
401
503
63
76
503
502
503
18
24
504
503
504
120
412
503
504
207
503
503
503
96
319
502
503
7
354
503
110
503
290
503
502
48
70
6
505
502
368
13
503
504
502
502
502
502
503
167
459
504
503
137
427
503
340
241
385
505
502
28
502
503
504
502
285
503
503
502
502
502
503
13
503
240
503
502
13
16
46
231
37
503
504
502
212
466
503
503
503
503
502
502
12
323
455
503
503
502
422
504
504
22
276
502
502
502
502
486
503
502
502
454
503
504
504
439
503
502
50
307
502
502
503
502
503
503
13
412
503
503
502
381
504
504
504
284
502
502
502
295
502
502
503
308
502
503
502
502
502
502
502
503
502
503
502
427
503
502
502
263
502
504
103
283
503
503
503
266
309
502
16
13
372
504
503
503
503
1000
502
502
291
503
502
502
503
503
503
502
188
502
503
503
183
409
404
290
95
387
503
502
94
503
503
503
503
504
503
502
502
276
502
503
503
362
502
502
502
233
473
505
503
502
502
503
502
167
434
502
503
233
391
503
503
502
502
494
503
502
174
443
502
504
198
346
503
503
502
348
20
502
502
357
502
502
502
322
503
502
503
229
503
503
503
205
460
502
503
502
403
502
503
116
503
502
503
60
365
504
502
50
398
503
503
502
262
503
502
502
336
503
502
15
186
32
502
502
504
366
502
504
41
344
502
503
86
323
503
502
502
264
505
502
502
0
9
502
506
111
272
481
502
502
503
502
306
502
20
505
502
503
502
502
353
504
503
503
215
449
502
502
82
13
502
502
503
502
343
502
502
13
234
482
502
503
48
280
502
505
505
195
295
506
503
120
341
409
16
504
165
423
504
502
503
308
502
414
502
132
379
503
502
163
502
503
502
502
137
391
503
504
502
193
429
503
502
84
179
502
503
502
259
373
502
504
248
361
505
503
504
502
368
503
503
153
284
503
502
502
504
90
16
503
502
502
44
228
478
502
504
137
502
503
502
504
288
440
507
503
30
0
15
502
79
329
502
502
502
502
444
502
502
168
296
504
505
503
199
11
503
428
502
503
385
502
503
502
503
503
503
503
103
72
503
502
503
317
217
502
502
138
504
331
502
63
351
505
457
503
504
504
503
503
503
504
502
503
503
502
505
502
505
502
351
491
503
503
90
349
503
503
503
503
94
502
502
502
502
264
502
95
453
502
497
503
320
435
504
505
50
502
191
502
502
167
503
503
502
69
354
502
503
503
282
45
502
503
503
13
31
302
496
503
505
76
502
503
502
164
211
438
505
502
502
297
503
502
503
217
504
341
502
160
502
504
502
504
502
438
504
504
502
503
504
305
502
226
448
502
506
502
504
502
502
502
194
438
503
502
502
386
504
503
504
504
446
503
502
150
354
503
502
503
502
478
504
503
123
395
116
506
502
328
504
502
488
159
504
502
502
12
12
31
350
503
278
505
13
489
502
501
502
364
502
502
509
232
485
502
504
140
408
502
504
99
502
497
502
502
150
503
51
503
78
503
503
184
502
205
466
502
363
502
502
503
503
508
502
464
503
502
82
340
503
502
91
72
474
502
503
189
388
503
503
502
236
500
100
502
135
408
502
219
503
503
503
502
505
152
330
503
503
477
502
503
503
502
231
458
503
503
296
379
503
502
503
502
502
505
503
75
330
502
141
503
319
486
79
502
502
502
112
400
502
502
503
201
491
503
17
40
42
298
503
502
502
504
397
1000
14
502
167
414
502
503
230
309
502
51
502
503
503
502
290
247
422
503
502
50
29
503
503
503
228
450
502
502
93
361
10
502
502
503
231
9
504
503
502
265
458
503
502
502
355
21
502
502
87
336
502
503
502
502
502
503
502
51
502
502
502
503
503
445
503
503
10
26
291
503
23
503
503
386
502
503
502
259
502
502
88
503
503
502
503
78
503
503
502
504
310
502
503
502
39
357
502
502
503
264
503
502
503
66
316
51
28
503
502
113
391
16
504
95
300
503
502
502
186
454
502
503
502
502
503
503
24
29
12
502
